100 156 1
0 5 0 1 9 8 2 2 2 5 7 6 6 8 1 6 4 5 3 3 6 9 9 1 1 0 7 6 8 7 0 1 1 9 1 4 6 3 2 7 7 8 3 6 6 0 2 7 4 3 2 4 2 5 4 9 4 8 3 0 6 8 4 1 3 1 6 7 3 7 0 6 7 7 7 2 3 7 9 9 8 9 8 5 6 9 2 8 4 8 6 9 9 3 3 8 3 0 1 5 4 4 8 6 9 0 4 3 6 4 9 9 4 9 6 6 3 2 9 1 2 1 9 6 0 1 4 5 9 3 3 9 7 0 4 8 6 1 3 9 1 4 6 0 7 1 2 4 1 9 5 5 8 7 0 0 
0712379653
0 7 6 7 7 7 7 5 4 3 8 8 0 0 5 2 8 1 8 8 4 3 1 6 7 0 4 9 2 1 0 1 6 1 5 3 1 4 1 9 7 1 7 8 0 8 5 2 4 6 2 7 3 6 8 4 3 4 7 0 7 7 8 0 1 7 8 6 5 4 2 4 6 2 8 4 9 2 2 2 6 2 5 9 8 6 4 9 3 8 4 4 8 6 4 1 5 8 1 5 6 9 9 5 6 5 1 8 6 1 7 4 0 6 6 6 0 5 0 8 6 9 5 8 0 3 5 5 0 2 1 4 4 5 7 0 5 1 3 9 1 4 5 9 8 4 1 4 1 9 5 5 8 7 0 0 
2835367789
1 1 9 1 3 2 8 3 4 6 8 4 7 6 2 0 4 4 2 9 7 3 4 2 8 4 3 5 7 9 6 3 6 5 8 2 1 8 9 4 3 2 9 3 4 4 5 5 6 4 8 5 2 3 7 6 8 3 1 0 9 7 5 6 1 9 9 8 9 8 8 4 2 7 5 8 8 5 3 8 0 3 1 4 6 8 0 6 4 0 3 3 3 9 4 9 1 8 6 1 5 5 8 7 6 8 9 4 5 5 7 5 0 6 7 8 7 9 8 4 6 3 3 7 7 4 2 5 9 0 2 6 3 5 1 4 6 1 3 9 1 4 5 9 4 7 5 4 1 9 5 5 8 7 0 0 
2572034398
0 1 3 8 6 8 9 0 0 3 1 5 1 3 7 9 2 1 4 4 3 9 4 5 3 0 4 4 1 0 1 1 1 2 4 2 5 3 3 6 8 4 1 2 7 1 4 9 9 3 9 8 5 1 8 2 9 9 2 1 0 6 3 2 6 5 1 9 3 1 4 9 3 7 2 2 0 8 1 0 9 0 9 1 4 1 2 1 5 9 0 1 1 1 8 8 4 0 9 8 7 2 3 1 8 9 2 3 5 0 7 0 0 2 0 2 6 4 9 2 7 7 8 6 4 3 0 6 5 7 0 1 5 3 6 6 3 1 3 9 1 4 5 8 8 5 0 4 1 9 5 5 8 7 0 0 
4130431470
0 2 3 8 8 1 9 3 5 8 5 5 2 0 5 3 1 7 5 1 7 7 1 1 5 9 4 4 2 1 6 4 5 7 1 9 5 6 0 9 8 0 2 9 6 0 2 4 9 4 9 6 0 9 8 4 3 5 5 0 5 4 7 9 8 3 0 8 7 5 8 8 2 8 9 6 4 6 7 5 4 5 3 8 9 2 2 3 4 1 3 4 9 9 5 7 9 3 2 2 7 1 7 8 8 5 8 6 9 3 4 1 5 1 2 7 7 0 4 1 4 9 8 3 3 5 8 2 1 8 1 0 8 1 4 0 1 1 3 9 1 4 5 8 9 1 3 4 1 9 5 5 8 7 0 0 
3650842950
0 4 9 9 8 6 6 8 1 2 7 3 8 2 3 8 3 7 5 1 9 3 4 0 4 0 5 6 3 2 6 8 0 3 0 7 0 9 1 6 3 5 6 8 7 9 7 3 1 2 8 8 4 3 0 1 8 0 8 1 0 2 5 5 0 9 5 6 1 5 8 8 5 1 7 9 4 7 1 3 0 3 6 1 7 1 2 6 2 2 6 1 6 3 0 7 8 3 9 2 7 4 8 6 0 2 3 8 0 2 6 1 3 7 2 6 4 4 2 3 2 7 1 7 3 6 6 6 5 8 0 4 8 2 8 0 1 1 3 9 1 4 5 8 3 9 0 4 1 9 5 5 8 7 0 0 
0528098596
0 7 0 6 2 7 1 9 4 4 3 9 4 5 1 8 5 8 6 4 7 4 3 1 8 9 1 0 5 8 7 9 2 3 1 9 7 9 1 6 8 8 6 4 3 2 6 0 6 0 2 6 6 4 4 2 3 2 5 0 9 1 2 9 0 2 3 4 1 2 5 1 1 4 5 3 7 3 3 5 6 2 2 9 7 3 7 0 6 5 0 6 2 4 2 0 8 8 1 4 8 1 5 4 4 8 4 0 8 2 7 2 9 6 8 2 0 3 7 2 1 2 2 7 8 6 7 2 8 5 2 6 0 3 7 2 1 1 3 9 1 4 5 7 7 5 5 4 1 9 5 5 8 7 0 0 
4191702693
1 1 5 4 1 9 1 7 1 6 7 6 3 8 2 8 1 1 7 0 5 1 0 6 0 7 7 4 8 5 1 3 0 9 3 2 9 4 3 0 3 9 3 9 3 5 1 5 3 8 6 2 9 9 3 4 3 1 1 0 1 3 9 7 9 1 5 8 7 6 2 7 9 3 4 7 0 7 2 2 1 6 5 9 3 7 0 2 7 7 4 4 3 1 4 3 4 1 4 5 9 9 9 0 6 4 4 1 9 3 1 6 1 3 6 9 5 5 9 6 1 8 4 1 1 6 6 9 4 8 8 4 5 0 6 4 5 1 3 9 1 4 5 7 1 3 0 4 1 9 5 5 8 7 0 0 
0889767062
0 5 7 5 6 8 5 7 4 7 9 2 2 0 8 8 1 8 4 9 1 6 9 7 0 3 6 8 6 8 6 8 0 1 7 8 6 4 8 9 5 9 3 5 2 2 6 0 9 9 5 3 1 4 4 1 0 2 3 0 2 8 4 9 0 8 1 1 4 9 5 9 5 5 4 3 6 8 9 6 3 0 4 1 5 4 1 9 2 0 4 5 0 7 3 0 8 6 0 0 4 4 2 7 5 2 5 5 5 5 7 9 3 1 2 0 2 2 9 3 8 8 6 7 2 8 7 9 4 4 3 5 6 1 1 5 8 1 3 9 1 4 5 7 0 9 0 4 1 9 5 5 8 7 0 0 
0166868074
1 1 6 2 0 4 2 3 3 7 0 6 9 4 1 4 3 1 3 6 7 9 7 7 5 7 4 0 4 3 9 9 4 5 9 0 2 1 9 1 5 5 9 2 4 9 2 6 2 7 6 1 2 5 4 4 0 7 1 0 8 9 9 3 7 0 2 3 6 1 7 4 3 9 6 6 9 7 7 1 4 6 3 6 4 1 8 0 6 2 9 0 4 3 9 3 7 5 1 6 9 2 7 6 9 6 4 1 2 8 7 3 4 1 5 2 8 0 2 4 5 8 4 5 0 6 4 8 6 4 6 4 9 0 0 1 4 1 3 9 1 4 5 6 9 8 2 4 1 9 5 5 8 7 0 0 
0407379797
0 7 7 4 9 5 7 0 6 9 5 8 7 0 8 0 5 2 5 1 6 1 2 6 2 7 2 4 5 6 1 2 2 0 3 4 2 3 7 7 2 3 3 3 7 3 2 7 6 3 3 4 5 9 9 4 6 8 0 0 2 2 4 2 6 0 3 6 9 7 1 9 6 8 1 7 5 6 1 0 0 7 7 9 2 6 6 8 0 1 9 6 2 7 1 5 8 5 8 6 7 1 5 8 9 4 7 4 6 7 7 0 5 4 2 2 1 7 9 8 5 9 1 9 5 9 2 2 1 8 1 5 0 2 9 6 0 1 3 9 1 4 5 6 8 1 7 4 1 9 5 5 8 7 0 0 
2553966589
0 1 8 4 2 9 1 3 2 0 3 3 3 3 7 8 2 6 3 5 6 3 6 7 0 2 2 1 7 9 7 3 0 0 2 7 9 6 9 3 0 8 1 1 6 4 6 6 6 4 8 8 2 2 3 9 8 2 3 0 9 6 0 7 3 9 0 1 3 4 0 3 2 8 2 6 0 7 1 5 3 0 2 8 6 6 6 8 5 9 9 2 0 3 8 1 4 1 0 0 5 4 0 4 3 4 8 9 6 2 2 4 7 5 7 5 1 0 1 4 2 7 0 6 7 8 8 3 1 6 2 9 3 3 4 6 6 1 3 9 1 4 5 6 3 6 0 4 1 9 5 5 8 7 0 0 
3485071771
0 1 9 6 0 2 1 2 9 3 6 1 6 1 0 5 7 0 7 2 6 7 5 3 6 7 6 9 6 6 4 0 2 0 7 3 4 3 2 5 3 7 3 1 4 5 9 4 0 2 4 6 7 2 9 0 8 9 2 0 5 2 3 7 3 5 7 0 1 8 2 1 2 1 8 1 1 1 8 7 1 2 5 0 7 4 3 8 7 5 3 4 4 1 6 9 9 3 4 2 8 8 3 5 4 9 5 1 0 1 5 4 8 3 7 0 7 3 3 1 7 6 2 2 7 7 8 4 5 8 1 3 7 7 5 2 6 1 3 9 1 4 5 6 3 5 7 4 1 9 5 5 8 7 0 0 
3332740088
0 3 7 8 3 5 5 3 0 0 6 9 4 2 9 3 4 3 3 4 4 0 4 5 8 1 7 2 6 9 3 3 9 8 4 2 4 9 9 6 7 0 3 2 9 6 1 8 2 4 5 4 0 0 9 8 4 5 9 0 3 3 1 0 7 4 5 2 8 5 4 6 9 5 5 7 6 9 6 3 0 3 1 5 4 2 8 5 1 2 3 2 0 6 0 2 5 3 1 9 3 8 2 0 7 7 3 0 9 9 5 6 2 6 3 6 5 8 8 1 0 1 7 8 0 9 8 2 2 3 0 7 8 2 0 7 2 1 3 9 1 4 5 5 8 1 4 4 1 9 5 5 8 7 0 0 
2206751187
0 9 7 0 4 1 0 5 8 0 6 5 6 9 6 8 4 3 7 9 9 8 8 2 4 6 2 9 2 6 6 2 9 0 5 0 1 6 4 3 6 5 9 9 7 7 2 7 8 3 7 7 8 3 7 6 6 0 7 0 2 0 8 4 2 3 2 2 6 2 3 9 0 2 8 6 2 9 9 4 0 2 7 1 9 3 9 3 3 8 8 5 9 7 9 0 3 2 0 7 4 4 2 3 7 2 2 7 0 9 5 6 0 4 3 9 8 2 8 6 9 4 8 8 3 8 3 3 8 1 5 1 8 0 4 7 5 1 3 9 1 4 5 5 8 0 8 4 1 9 5 5 8 7 0 0 
3532277810
1 0 8 5 8 7 2 2 6 8 1 0 0 0 7 8 3 2 4 5 0 8 2 9 8 7 0 7 3 7 3 5 7 2 6 8 6 2 0 0 0 8 2 8 5 0 4 9 3 5 9 7 3 5 1 7 2 7 6 0 4 5 4 0 2 0 6 8 5 5 3 8 5 1 5 5 4 8 4 4 8 5 1 5 9 4 5 1 3 6 6 7 2 8 8 4 7 5 7 0 7 4 2 7 7 6 7 3 0 3 0 1 2 3 4 9 9 6 4 6 4 2 7 0 9 9 5 1 6 0 9 3 8 0 7 1 7 1 3 9 1 4 5 5 7 5 2 4 1 9 5 5 8 7 0 0 
0401868400
0 8 2 8 4 9 4 8 7 7 4 5 1 9 2 6 6 6 2 0 1 9 6 8 3 3 0 9 1 6 6 0 1 3 8 2 3 7 6 8 8 3 2 7 5 3 7 5 7 9 1 5 9 4 9 2 8 3 6 0 1 6 5 3 6 0 2 1 1 8 8 6 1 3 0 3 8 0 5 3 2 6 1 4 7 9 3 1 6 9 9 5 7 4 5 3 3 3 1 4 3 4 1 8 1 9 9 0 9 7 5 8 4 6 9 0 9 6 3 1 7 1 4 4 8 5 2 5 7 0 0 5 5 1 2 0 3 1 3 9 1 4 5 5 2 3 6 4 1 9 5 5 8 7 0 0 
0774180341
0 3 3 8 2 6 8 9 6 0 0 3 9 9 5 0 1 3 0 2 1 7 3 1 9 4 7 8 6 2 5 3 2 1 3 7 2 5 8 6 8 9 5 3 6 2 1 0 4 2 6 6 2 1 7 8 0 1 9 0 0 0 5 2 2 3 0 3 6 0 3 0 0 0 4 0 3 7 0 6 2 8 4 3 7 1 4 5 8 9 2 2 8 1 5 7 0 8 8 5 7 9 4 1 8 0 7 5 3 5 4 1 8 1 9 9 1 0 7 4 1 1 5 0 5 7 6 9 9 2 4 2 5 5 7 6 8 1 3 9 1 4 5 3 8 7 8 4 1 9 5 5 8 7 0 0 
3175055848
0 3 2 0 4 4 1 2 8 1 2 4 7 2 2 6 1 1 1 8 5 2 9 3 9 5 3 5 7 0 2 9 2 6 9 7 7 5 5 9 0 4 3 7 3 4 0 5 0 5 9 1 7 7 9 9 4 1 3 1 0 3 4 8 4 8 3 0 2 4 8 3 8 9 5 6 0 8 0 4 8 2 0 5 0 6 0 1 3 6 8 5 4 8 3 0 7 5 3 9 9 1 0 9 4 9 2 8 2 8 4 6 5 0 2 5 1 4 3 2 3 6 9 6 7 1 4 0 5 3 2 3 6 1 2 5 8 1 3 9 1 4 5 3 3 0 9 4 1 9 5 5 8 7 0 0 
2878673284
0 9 9 7 6 6 7 1 9 0 0 1 3 0 4 5 4 7 6 4 6 2 8 8 9 4 9 3 5 4 3 6 5 9 6 0 5 6 9 4 1 7 7 6 4 8 5 7 4 5 9 9 3 1 1 3 4 5 6 1 1 0 9 2 1 1 6 7 7 6 1 2 5 9 2 6 1 1 9 0 8 7 5 0 8 1 2 1 9 9 3 6 0 0 7 6 6 6 2 0 7 8 8 6 2 5 0 2 8 8 8 4 4 2 4 1 9 5 6 2 6 5 0 6 3 0 8 3 2 7 5 7 3 2 1 9 7 1 3 9 1 4 5 3 1 7 4 4 1 9 5 5 8 7 0 0 
1340438605
0 2 9 1 9 5 9 5 8 0 7 7 0 2 3 1 8 0 7 5 8 4 3 9 7 7 7 0 6 3 6 0 7 4 8 9 5 5 5 3 4 9 1 7 5 1 2 9 0 4 4 4 1 8 2 9 0 2 7 0 6 2 2 0 8 3 4 0 2 7 6 4 3 0 0 2 8 4 6 9 5 0 3 7 9 9 9 9 6 3 1 6 5 8 0 1 1 0 1 5 4 6 3 7 3 0 2 8 0 0 5 1 0 9 9 6 7 6 0 7 9 1 9 8 1 2 9 3 7 5 8 3 1 3 2 9 7 1 3 9 1 4 5 1 0 8 4 4 1 9 5 5 8 7 0 0 
1757302381
0 8 4 3 0 6 0 6 4 0 2 2 7 3 0 3 2 3 2 6 4 7 2 4 8 2 8 7 5 8 2 3 6 7 8 4 2 1 5 2 1 4 1 6 9 8 8 7 0 0 6 3 3 0 4 8 8 1 8 0 3 5 7 5 0 5 6 1 5 6 8 5 2 9 9 7 9 8 3 8 6 4 1 3 7 0 0 8 3 1 2 4 4 0 2 8 7 1 5 5 6 3 2 0 1 2 9 8 1 6 4 0 9 7 2 9 7 1 2 3 1 2 5 5 0 0 8 9 2 9 5 3 5 2 8 8 4 1 3 9 1 4 5 0 8 7 1 4 1 9 5 5 8 7 0 0 
3747180172
0 7 8 8 9 3 0 8 5 5 2 7 8 9 7 2 3 8 3 1 1 4 8 5 9 5 3 1 3 8 2 7 6 3 2 1 1 4 8 8 6 0 9 4 2 4 3 5 2 9 4 6 0 7 6 1 3 9 0 0 4 0 5 3 1 2 6 7 7 7 5 0 9 5 6 0 0 3 4 9 8 3 2 0 3 6 7 7 4 2 9 0 2 7 4 8 1 2 0 5 3 4 8 8 4 7 5 4 3 9 3 3 7 8 3 4 4 0 1 1 3 8 7 9 4 9 9 1 5 3 0 9 6 0 4 4 2 1 3 9 1 4 5 0 6 5 9 4 1 9 5 5 8 7 0 0 
1356266660
0 6 0 6 0 7 5 1 8 4 9 6 7 0 8 4 3 6 7 0 4 7 6 6 7 9 4 5 5 7 0 4 5 3 6 6 0 0 5 0 3 5 1 6 3 7 7 2 9 8 3 8 3 5 2 6 2 9 7 1 0 8 5 3 4 3 3 7 2 9 3 1 3 3 2 4 0 3 6 2 8 5 1 4 5 4 7 1 5 8 9 8 4 5 8 0 7 1 4 4 5 1 5 7 0 8 2 9 3 3 8 0 4 1 9 6 3 9 3 9 4 2 3 0 6 9 6 3 8 8 3 2 2 4 6 0 6 1 3 9 1 4 4 9 9 8 9 4 1 9 5 5 8 7 0 0 
2018106636
0 4 9 5 5 2 5 7 6 8 8 4 5 2 4 9 1 3 9 7 0 8 1 0 0 2 9 2 8 7 6 7 4 9 4 1 9 0 9 1 3 1 2 3 6 5 0 3 1 3 2 2 7 0 5 3 5 0 9 0 5 2 0 8 4 9 9 8 1 9 0 3 0 7 7 9 6 5 5 2 2 1 3 8 6 4 7 3 1 2 3 8 6 5 0 9 8 3 0 4 5 8 2 3 8 7 0 4 8 0 0 3 5 8 9 0 4 5 3 9 6 4 9 1 4 9 1 6 0 3 6 2 5 8 9 1 1 1 3 9 1 4 4 9 9 3 3 4 1 9 5 5 8 7 0 0 
0652888847
0 2 2 4 3 3 4 2 1 3 1 0 7 7 6 5 5 5 1 8 8 1 6 3 5 8 6 6 5 9 5 1 3 8 4 7 9 7 1 6 3 4 0 0 2 8 5 4 5 4 6 8 6 4 3 9 1 7 5 0 3 8 9 5 0 9 2 6 5 6 9 1 6 6 5 2 3 8 5 7 6 7 3 6 3 6 5 9 8 9 1 3 0 7 9 3 9 8 8 3 0 7 2 2 8 1 3 0 6 5 5 5 0 7 9 0 7 0 2 1 4 8 8 2 5 0 8 5 8 6 7 6 9 8 5 3 5 1 3 9 1 4 4 8 5 0 6 4 1 9 5 5 8 7 0 0 
3614455359
0 3 8 3 6 4 3 8 8 0 2 6 7 8 9 0 2 1 8 5 3 6 2 3 4 6 7 1 6 3 3 3 2 2 7 2 1 0 8 6 6 9 7 1 2 4 3 6 0 9 7 1 9 8 3 8 1 9 7 0 0 5 9 7 9 7 9 4 7 0 7 8 7 5 0 0 9 6 9 7 1 9 4 6 1 7 6 7 8 8 9 6 2 9 2 1 5 3 7 1 2 5 3 7 7 3 8 3 1 6 4 2 7 8 2 0 0 4 7 3 9 3 3 4 4 5 8 1 8 3 0 4 8 5 6 6 0 1 3 9 1 4 4 7 7 9 4 4 1 9 5 5 8 7 0 0 
4147184488
0 9 2 9 7 8 4 6 5 0 3 4 2 3 8 1 9 9 7 6 4 4 5 8 6 4 7 3 6 6 7 1 7 7 7 5 0 7 8 4 7 4 9 5 8 0 0 0 7 3 7 5 7 7 0 2 5 8 8 0 4 0 4 2 5 8 7 1 0 5 7 4 1 4 6 1 6 8 0 4 1 2 0 4 8 5 8 4 6 3 7 3 7 2 4 7 3 8 0 0 5 4 0 6 0 5 6 4 8 4 6 1 0 5 1 9 0 2 0 4 1 2 9 8 2 2 4 0 0 3 6 5 5 2 1 2 8 1 3 9 1 4 4 7 2 6 6 4 1 9 5 5 8 7 0 0 
0362231648
0 9 5 7 7 2 9 8 9 8 6 6 0 7 8 0 4 1 5 5 7 2 0 5 4 7 3 0 8 1 5 1 7 0 5 2 1 6 8 7 0 5 9 0 1 6 8 1 9 8 6 3 7 8 9 0 3 4 2 1 0 1 3 8 1 6 8 4 9 2 1 5 1 0 9 7 6 7 0 6 1 0 6 4 5 5 7 0 2 7 8 5 6 4 4 4 2 6 1 4 6 2 2 1 2 7 4 7 5 7 5 1 3 8 0 5 6 5 3 7 6 6 5 9 3 5 1 7 0 7 1 4 6 6 7 1 9 1 3 9 1 4 4 6 7 5 4 4 1 9 5 5 8 7 0 0 
2309907760
0 6 8 6 2 9 8 7 2 0 0 3 1 4 4 4 5 5 4 3 8 3 8 7 8 2 8 1 3 5 0 1 3 3 8 0 5 3 3 3 1 5 3 1 6 5 2 2 3 5 3 7 6 9 9 1 6 9 0 0 4 1 8 8 4 2 9 8 2 8 3 5 5 8 6 1 8 3 0 3 2 6 6 9 3 8 1 4 5 3 5 3 7 4 6 1 7 6 4 7 4 9 4 3 3 2 4 6 1 2 6 3 6 6 0 8 6 2 5 1 0 7 1 0 0 6 4 0 0 7 4 1 8 8 8 0 7 1 3 9 1 4 4 6 7 5 7 4 1 9 5 5 8 7 0 0 
1233819435
0 3 4 2 9 0 5 8 3 8 1 5 8 9 5 2 5 7 1 1 7 3 8 9 5 1 5 8 9 9 1 7 0 9 4 0 5 9 0 3 9 8 6 8 1 3 4 7 0 2 9 0 7 4 0 4 2 2 4 0 1 6 9 4 7 5 2 6 6 6 7 3 9 9 7 6 1 2 8 7 0 2 9 1 1 7 0 1 4 9 5 2 7 0 9 6 0 4 5 2 3 5 0 5 1 3 0 4 5 5 3 3 2 0 3 5 1 3 0 9 6 5 5 8 5 1 2 4 2 7 6 7 1 7 8 5 4 1 3 9 1 4 4 6 6 3 8 4 1 9 5 5 8 7 0 0 
3532220323
0 8 0 1 4 7 7 7 7 0 6 6 1 6 6 6 6 1 3 3 5 7 2 5 0 0 3 7 9 6 6 4 7 2 5 9 5 4 5 8 5 6 3 3 6 3 2 5 3 6 8 8 7 9 6 1 1 6 2 0 1 6 6 8 0 1 9 0 5 4 2 6 1 8 1 7 4 3 5 5 7 6 7 4 2 7 5 8 0 7 7 5 3 2 2 8 0 9 1 2 4 3 6 5 0 6 4 1 1 0 1 9 2 8 9 1 2 9 9 4 8 5 7 7 6 1 3 2 5 4 1 1 8 1 3 5 3 1 3 9 1 4 4 6 4 4 7 4 1 9 5 5 8 7 0 0 
0943365393
0 6 7 8 1 6 8 8 2 7 6 7 4 5 4 0 3 1 5 0 6 6 1 7 1 2 3 4 3 6 7 6 8 3 8 2 8 6 4 4 5 4 5 8 0 0 6 4 9 8 7 8 7 2 2 5 6 7 5 0 0 8 2 1 6 2 4 9 9 4 4 0 9 2 2 8 7 3 8 2 2 3 5 0 3 7 9 6 7 1 4 1 6 4 7 4 3 3 8 3 2 0 3 5 4 9 0 0 2 9 3 7 4 0 5 7 5 1 3 2 2 5 1 1 4 2 3 3 0 5 9 0 1 1 6 1 5 1 3 9 1 4 4 6 3 6 5 4 1 9 5 5 8 7 0 0 
2168998829
1 0 0 2 6 5 9 3 9 2 0 2 6 9 7 7 0 9 6 0 2 2 0 6 8 4 5 5 9 2 3 4 5 1 5 5 6 1 9 5 2 6 5 5 4 0 0 7 3 5 1 7 8 3 9 9 3 0 6 1 1 1 0 0 5 5 3 7 0 2 1 4 7 9 4 7 3 3 3 7 5 5 8 7 0 8 9 9 8 7 5 2 4 3 0 5 5 1 7 5 5 5 9 3 3 9 1 8 4 7 3 8 4 3 7 8 3 4 3 1 2 3 3 1 3 6 8 5 2 3 0 5 7 6 2 3 2 1 3 9 1 4 4 5 9 3 1 4 1 9 5 5 8 7 0 0 
1710654124
0 2 4 7 5 5 1 7 2 7 0 5 0 9 0 5 9 1 1 2 1 5 7 2 1 5 8 9 5 9 3 7 9 9 9 6 4 8 3 4 6 5 9 3 2 9 1 0 5 5 8 5 7 2 0 5 6 6 6 0 3 2 0 8 0 3 9 3 8 0 7 5 5 3 9 8 2 2 0 9 1 6 3 5 4 6 0 7 1 5 8 3 9 8 0 5 7 3 8 4 4 0 9 8 0 8 4 4 8 2 7 0 1 4 6 2 8 1 0 5 7 8 0 4 3 0 2 7 4 4 0 7 3 3 4 6 7 1 3 9 1 4 4 5 5 0 7 4 1 9 5 5 8 7 0 0 
1457580643
0 3 5 7 7 1 3 7 3 4 3 2 4 1 4 9 3 8 9 1 1 9 0 7 2 8 8 0 1 5 4 5 7 2 5 3 6 8 9 6 9 9 5 4 6 2 6 2 7 3 4 1 0 7 7 5 1 3 1 0 3 5 5 2 6 6 9 8 0 3 5 4 4 5 6 5 7 0 6 9 8 8 5 8 3 2 4 3 1 0 3 2 1 8 0 2 4 7 0 7 9 5 3 6 1 3 2 0 7 9 7 8 0 4 0 1 4 4 6 4 7 3 7 2 6 0 3 3 0 0 8 7 6 9 2 8 2 1 3 9 1 4 4 5 4 7 8 4 1 9 5 5 8 7 0 0 
1665612745
0 7 8 6 0 1 4 8 1 4 4 7 3 2 9 8 3 6 8 0 8 4 1 1 2 8 8 5 3 5 4 0 7 7 3 4 1 4 9 3 0 9 6 7 3 1 4 7 2 4 5 5 0 6 6 3 8 1 3 1 0 8 1 0 2 4 3 6 3 1 5 3 7 7 2 2 7 8 7 7 7 8 4 8 5 9 1 1 9 8 1 4 5 9 1 6 5 1 3 7 6 3 2 6 7 0 4 8 5 8 7 6 7 8 0 6 2 7 1 6 6 8 9 6 0 4 1 1 2 3 2 4 0 0 8 8 9 1 3 9 1 4 4 4 8 3 5 4 1 9 5 5 8 7 0 0 
1248049817
0 2 9 6 5 0 2 9 4 2 3 3 7 0 5 0 4 8 4 4 4 8 7 4 9 8 1 8 8 8 8 2 9 9 6 3 2 2 0 9 2 9 9 9 1 1 2 1 2 5 6 3 1 1 2 7 2 5 6 1 1 2 9 1 5 0 1 9 2 5 3 4 4 9 3 7 2 7 1 4 5 7 9 0 2 9 1 0 5 4 3 3 5 1 4 6 9 8 9 4 4 0 5 2 4 3 3 0 2 4 5 9 0 8 0 3 4 8 7 7 9 8 1 1 3 3 9 5 6 7 5 1 9 9 4 2 3 1 3 9 1 4 4 4 7 7 9 4 1 9 5 5 8 7 0 0 
0528660523
1 0 9 6 5 1 3 0 3 3 9 7 8 4 5 9 0 0 5 0 9 4 9 0 9 9 7 2 8 7 3 3 7 6 0 2 2 4 5 9 3 2 4 9 8 6 6 2 6 1 8 2 5 8 6 7 7 1 6 0 6 1 5 5 2 8 8 2 4 0 3 2 1 3 0 8 1 6 7 8 1 2 5 1 9 8 7 2 1 6 8 0 8 2 9 4 1 8 0 7 8 9 8 3 2 9 6 2 6 6 7 7 2 0 9 2 5 4 6 6 2 2 5 1 6 5 3 4 0 2 4 0 4 9 6 8 6 1 3 9 1 4 4 2 5 4 9 4 1 9 5 5 8 7 0 0 
3850124763
0 8 0 3 9 3 8 7 7 8 7 6 8 2 6 4 0 6 3 4 3 1 5 2 0 8 8 9 1 5 9 5 4 8 8 3 6 4 2 7 9 7 4 8 7 2 4 7 9 9 1 1 8 7 8 6 2 8 6 0 3 0 7 0 9 9 5 1 0 7 9 4 0 4 7 3 4 5 7 4 6 4 5 5 3 5 0 3 4 1 2 5 1 0 2 8 4 5 5 9 4 5 8 7 7 8 4 9 8 6 8 1 0 6 2 8 3 5 6 9 9 1 6 6 2 0 1 6 7 8 1 0 2 6 3 1 0 1 3 9 1 4 4 1 8 1 6 4 1 9 5 5 8 7 0 0 
4088932197
1 1 4 5 6 0 1 2 2 6 1 8 2 9 4 0 2 1 4 4 3 3 2 8 9 0 2 6 9 0 2 6 2 6 3 6 1 9 7 7 5 1 1 1 8 0 3 5 4 4 8 6 1 8 3 3 3 9 7 1 0 1 9 2 2 1 0 1 7 2 6 0 8 4 1 8 3 8 5 3 3 3 6 0 0 9 0 1 3 3 4 9 8 7 1 6 2 2 7 5 7 8 6 1 3 1 3 8 6 0 6 2 6 5 9 5 9 6 2 4 3 9 7 7 5 9 7 0 5 6 2 4 4 6 6 7 8 1 3 9 1 4 4 1 0 8 8 4 1 9 5 5 8 7 0 0 
4144804397
0 4 1 2 4 5 4 5 3 8 9 9 2 6 4 5 0 2 3 3 3 7 1 1 5 9 1 6 4 1 4 4 3 1 2 3 5 8 4 1 5 3 3 8 5 7 1 2 1 8 5 6 1 1 0 7 1 3 5 0 6 9 1 0 7 1 1 2 8 0 7 6 6 9 3 6 6 9 4 3 0 6 9 5 2 0 0 6 2 8 1 8 4 8 8 7 1 3 7 2 3 9 6 1 6 4 1 3 8 4 1 9 2 4 5 2 6 3 8 1 7 9 6 3 2 0 7 4 4 9 5 8 2 2 8 6 2 1 3 9 1 4 4 1 0 7 8 4 1 9 5 5 8 7 0 0 
2782253213
0 6 7 9 1 8 0 7 5 2 3 4 0 6 4 3 8 3 9 4 6 0 1 3 2 7 7 2 3 5 3 4 3 5 7 4 3 6 4 0 4 4 0 8 8 6 1 4 6 1 9 5 8 8 8 4 8 1 2 0 8 3 3 5 6 2 6 8 1 2 3 0 3 7 3 3 0 7 5 9 7 5 9 4 4 9 2 1 2 1 8 6 0 7 0 7 1 6 3 6 2 3 4 3 9 2 7 1 8 6 2 3 7 5 0 6 8 9 9 2 2 2 7 3 8 1 3 5 2 1 0 4 8 4 2 2 7 1 3 9 1 4 3 9 1 8 1 4 1 9 5 5 8 7 0 0 
1793402308
0 1 0 7 4 8 7 4 2 9 1 0 5 7 0 1 3 2 6 9 7 3 7 4 0 9 3 2 9 4 9 7 1 4 1 5 7 2 9 2 1 5 3 6 7 8 5 5 7 7 4 8 2 3 1 1 6 5 4 0 6 5 7 4 8 8 3 2 5 3 8 8 6 9 5 1 9 3 0 8 0 1 0 3 1 4 6 2 3 6 2 3 4 3 9 0 8 7 0 6 4 4 5 5 2 8 3 4 7 0 3 4 8 5 1 9 2 0 6 8 9 8 6 4 5 8 6 4 7 6 6 8 3 8 6 3 1 1 3 9 1 4 3 9 0 9 9 4 1 9 5 5 8 7 0 0 
1966962445
1 1 7 3 4 3 8 6 1 2 5 4 6 1 1 3 2 6 8 2 2 4 9 8 4 4 6 7 7 0 7 4 7 8 3 2 5 8 9 4 8 4 4 8 9 8 8 1 0 6 2 8 7 0 6 2 9 9 4 0 0 0 7 6 5 9 9 1 9 7 9 7 6 7 3 1 3 0 6 5 8 6 3 4 5 6 5 7 1 3 1 7 2 9 2 5 9 0 4 9 1 9 6 7 6 5 4 3 3 8 9 2 6 2 7 2 2 5 3 2 0 8 2 1 6 8 0 4 8 4 2 5 3 7 6 9 3 1 3 9 1 4 3 8 7 5 1 4 1 9 5 5 8 7 0 0 
3186219541
0 1 2 4 1 4 3 2 4 5 4 0 9 8 0 1 0 4 9 1 9 2 9 0 0 8 3 2 5 4 7 6 7 3 8 8 0 3 5 0 1 8 6 9 2 4 8 4 2 5 5 6 4 2 1 3 4 4 6 0 8 2 5 1 2 8 5 3 2 8 5 4 1 9 8 3 4 3 0 8 4 9 0 1 7 0 2 8 4 5 5 6 3 6 4 1 7 4 0 2 9 5 6 5 0 2 1 2 1 0 7 9 8 7 0 2 5 5 8 7 9 7 3 2 4 7 2 2 4 0 3 5 0 1 9 2 6 1 3 9 1 4 3 8 6 5 4 4 1 9 5 5 8 7 0 0 
2040261186
0 6 8 2 8 8 1 1 9 4 0 4 8 4 6 3 5 7 0 6 7 9 8 7 2 2 5 4 0 1 7 0 9 5 8 0 9 5 9 5 8 7 9 5 5 8 9 3 8 3 6 7 2 3 6 9 2 7 1 1 1 1 4 6 8 3 8 2 0 3 7 6 3 9 4 6 8 4 9 2 5 4 2 3 7 9 9 6 4 7 9 0 2 6 2 8 0 6 0 0 1 9 1 5 8 7 0 5 8 8 4 0 5 5 9 6 8 2 1 9 2 1 1 8 1 2 2 4 5 5 4 2 8 3 7 1 2 1 3 9 1 4 3 8 4 3 8 4 1 9 5 5 8 7 0 0 
0206520725
0 7 5 5 9 0 2 4 7 2 1 3 6 6 2 6 7 7 7 0 5 8 4 4 8 3 2 2 4 4 1 0 8 1 8 3 2 5 6 1 7 1 6 9 6 2 5 4 5 8 1 7 7 7 4 5 3 0 9 0 0 9 3 3 2 0 3 1 1 4 3 4 9 6 6 4 6 6 0 5 2 5 0 7 5 9 3 7 4 4 2 7 0 1 0 8 0 9 1 8 7 8 1 5 0 2 0 7 1 1 2 7 6 3 4 7 7 1 2 4 7 4 1 0 6 0 6 1 5 5 9 4 3 7 1 4 0 1 3 9 1 4 3 7 7 0 7 4 1 9 5 5 8 7 0 0 
1175672996
1 1 6 9 7 7 1 4 4 3 7 2 7 7 9 2 3 6 6 1 5 4 1 3 0 1 8 3 1 1 5 4 1 1 7 4 1 5 5 8 9 3 6 5 7 3 9 1 9 6 6 4 3 9 9 8 4 7 7 0 4 9 2 1 6 7 2 9 4 7 7 5 3 0 0 5 9 1 7 8 2 4 6 6 1 2 2 1 6 6 2 7 7 0 8 4 0 7 2 7 4 7 8 5 3 2 6 6 8 2 3 7 1 4 5 2 3 7 2 3 0 2 4 0 8 7 8 5 9 9 6 7 6 1 6 1 1 1 3 9 1 4 3 6 8 9 8 4 1 9 5 5 8 7 0 0 
3616915522
0 3 4 4 0 8 9 6 3 5 1 5 9 5 4 6 1 1 4 8 9 4 0 6 8 5 8 3 7 6 1 0 3 1 3 9 2 1 0 6 1 6 6 0 8 1 1 2 7 7 6 0 3 7 2 0 0 0 9 0 5 3 8 5 1 1 2 2 4 0 8 2 9 8 3 5 5 6 7 4 6 3 0 9 2 6 4 6 5 1 8 9 4 8 7 8 7 4 3 9 3 0 2 7 0 2 4 6 3 6 6 9 6 1 2 6 9 7 6 2 4 0 2 9 8 0 8 2 2 9 4 6 2 0 5 0 7 1 3 9 1 4 3 6 6 7 6 4 1 9 5 5 8 7 0 0 
3892608701
0 7 5 8 1 1 8 2 0 9 5 6 0 9 3 9 8 5 7 5 0 1 3 3 3 8 8 1 9 0 0 0 9 7 1 0 5 6 7 7 2 0 9 6 8 5 2 7 7 8 9 4 9 3 5 2 9 3 6 0 8 0 7 8 0 8 6 4 3 7 3 5 6 7 2 4 4 1 3 6 9 4 9 6 6 2 1 2 4 7 7 8 1 7 2 6 0 6 4 1 3 5 1 3 1 3 2 9 1 8 9 4 3 9 7 5 9 0 2 3 9 0 3 1 1 6 9 8 8 8 7 8 6 2 4 5 8 1 3 9 1 4 3 4 9 3 0 4 1 9 5 5 8 7 0 0 
1604868673
0 5 8 6 5 0 9 0 6 1 4 3 1 5 3 2 9 0 2 9 8 1 2 4 1 6 7 6 8 9 2 5 8 5 0 0 3 6 3 9 4 3 6 0 6 8 0 6 1 1 1 5 1 6 5 7 7 4 5 0 2 0 6 1 8 8 4 5 1 0 0 7 6 8 2 4 4 7 8 8 5 9 9 8 6 9 6 5 6 7 6 5 5 2 3 7 1 3 9 9 2 4 2 7 8 3 7 6 7 6 2 1 3 6 6 4 7 9 2 8 3 2 9 5 8 1 5 6 2 4 1 1 7 2 3 6 3 1 3 9 1 4 3 4 7 4 3 4 1 9 5 5 8 7 0 0 
2855032412
1 0 3 5 9 1 9 5 7 8 6 9 0 6 8 5 5 0 8 8 5 5 8 6 1 7 5 5 6 9 9 4 9 4 6 1 8 7 5 9 5 5 1 6 6 5 8 1 9 4 1 8 5 6 6 7 1 4 8 0 0 4 0 9 6 1 7 0 0 1 0 9 1 1 2 7 7 7 8 5 9 4 1 2 1 5 8 4 4 9 2 5 9 0 1 7 3 0 3 9 9 6 9 3 5 7 3 8 3 8 6 3 0 0 7 5 3 5 6 5 3 6 6 1 4 0 0 0 2 8 1 8 5 3 4 7 7 1 3 9 1 4 3 4 8 3 3 4 1 9 5 5 8 7 0 0 
2844457489
0 8 4 2 9 0 1 5 4 6 5 3 5 4 2 3 6 2 0 6 0 2 4 4 3 6 4 1 0 0 2 4 3 1 9 8 3 1 6 1 9 9 1 5 8 7 3 7 7 9 9 2 3 6 1 5 1 9 9 0 7 4 8 3 2 2 7 1 3 2 5 9 3 4 7 3 0 4 2 0 7 0 5 6 5 0 8 5 0 2 8 2 7 8 3 9 1 3 1 6 7 4 9 0 0 2 1 8 0 6 7 1 5 4 0 8 7 1 1 2 1 4 1 6 0 9 4 5 9 0 6 0 7 9 1 7 0 1 3 9 1 4 3 3 9 0 7 4 1 9 5 5 8 7 0 0 
3209356045
1 0 9 5 3 7 0 3 9 4 5 7 2 0 9 6 3 3 2 1 3 1 6 4 5 0 4 0 8 1 9 4 4 6 2 1 9 1 3 9 0 1 3 8 0 9 2 9 2 1 7 9 5 8 9 4 3 6 1 0 8 6 9 3 7 5 2 5 6 3 1 0 1 1 1 0 7 7 2 6 3 1 9 4 2 9 4 6 5 8 2 3 6 4 9 2 6 6 0 2 0 0 6 8 3 4 2 2 4 0 8 0 8 3 3 2 0 2 9 5 6 0 5 7 0 8 5 5 9 1 6 0 6 7 0 0 9 1 3 9 1 4 3 3 0 6 2 4 1 9 5 5 8 7 0 0 
3761904492
0 7 4 7 8 2 4 3 7 1 4 0 9 2 9 8 1 8 2 0 8 6 2 6 5 3 3 7 1 1 7 4 5 5 7 2 7 0 5 2 5 2 2 9 5 7 6 5 3 3 4 6 8 2 8 0 3 9 8 0 7 7 6 0 7 1 4 7 1 4 5 8 1 3 5 8 2 8 8 6 5 9 2 7 0 0 6 3 6 5 2 0 0 4 1 9 8 9 3 3 8 3 9 2 4 9 4 1 4 7 5 5 8 0 7 0 9 0 6 9 0 8 2 4 6 2 9 8 9 2 8 1 2 3 9 7 3 1 3 9 1 4 3 2 4 0 0 4 1 9 5 5 8 7 0 0 
4287637667
0 9 0 2 3 8 8 6 2 6 1 9 9 7 6 5 3 3 3 2 7 4 6 3 9 2 6 8 7 6 2 6 5 9 2 7 2 6 8 9 3 1 5 9 2 6 5 6 5 1 2 7 2 4 7 8 9 9 7 0 8 4 3 7 9 9 4 4 3 3 8 3 3 4 5 8 5 9 2 5 7 0 0 0 1 2 9 7 4 0 1 2 8 4 4 1 9 8 4 5 3 4 4 0 0 7 9 0 4 0 4 9 7 5 8 5 4 1 6 5 3 1 8 0 4 4 7 7 4 3 9 5 9 3 2 5 8 1 3 9 1 4 3 2 2 0 7 4 1 9 5 5 8 7 0 0 
0774080303
0 3 2 0 5 2 5 7 2 2 6 4 3 5 6 1 5 3 1 5 9 1 6 5 1 1 2 6 3 7 4 4 0 0 0 8 5 0 8 3 1 1 5 4 3 8 3 2 0 7 7 8 7 2 5 4 5 9 0 1 1 0 2 9 9 3 3 0 1 8 3 0 2 7 6 6 4 2 2 5 7 6 5 5 7 8 7 1 7 8 5 8 9 2 9 3 8 5 3 9 7 2 7 6 1 5 7 7 3 9 5 0 6 0 8 2 1 6 1 6 2 8 3 1 3 5 5 1 5 3 5 9 9 1 4 2 7 1 3 9 1 4 3 1 7 6 8 4 1 9 5 5 8 7 0 0 
0696555747
1 1 7 1 6 9 9 8 1 0 8 1 7 2 0 7 6 7 5 1 6 4 8 3 5 3 8 8 9 3 3 3 2 2 5 9 8 6 7 0 8 7 9 5 1 8 3 0 8 4 3 0 0 8 5 5 4 8 7 1 0 9 0 8 6 1 2 7 0 8 5 7 1 8 7 7 7 2 2 4 8 6 3 2 7 6 4 2 4 4 7 0 4 8 0 5 5 0 7 4 9 0 9 4 9 1 0 3 9 3 3 1 4 1 8 6 8 1 6 1 9 6 5 2 1 0 6 4 4 2 9 0 2 6 1 4 9 1 3 9 1 4 3 1 1 4 2 4 1 9 5 5 8 7 0 0 
2886777383
0 1 1 4 4 2 0 5 7 5 2 9 4 4 3 4 9 3 8 0 8 5 7 7 8 5 4 8 3 7 9 8 2 5 8 4 1 1 2 6 0 6 6 0 5 5 2 1 6 7 4 7 7 9 2 9 6 9 8 0 1 9 6 0 0 2 7 8 0 1 5 0 4 6 2 0 9 0 5 5 6 7 9 2 2 4 1 1 9 3 7 8 5 5 9 1 6 6 3 1 7 8 2 3 5 8 4 3 2 8 7 3 4 2 1 0 5 3 9 1 1 9 9 0 4 0 0 9 2 5 7 2 8 6 8 5 7 1 3 9 1 4 3 0 7 0 3 4 1 9 5 5 8 7 0 0 
3008711704
0 4 2 3 6 5 5 3 0 6 8 3 0 3 4 0 1 9 6 6 9 7 4 7 1 2 3 0 2 3 3 4 7 7 1 0 8 6 4 7 3 3 0 9 1 6 6 9 5 9 6 8 5 5 8 7 8 5 1 0 0 7 2 3 6 6 9 4 1 8 0 8 8 4 4 1 7 2 0 7 3 0 1 2 8 4 5 7 9 6 9 0 5 0 2 5 3 1 6 4 3 7 4 8 2 4 5 5 4 6 1 8 0 7 9 9 4 9 9 6 6 0 4 1 3 2 0 5 7 2 6 2 9 8 2 8 5 1 3 9 1 4 3 0 9 6 8 4 1 9 5 5 8 7 0 0 
0948036723
0 4 6 8 2 2 4 1 7 5 3 4 3 4 7 6 4 8 2 9 7 5 1 0 1 5 2 9 1 5 7 1 8 2 4 6 8 1 2 3 0 9 0 3 6 7 5 4 5 6 2 2 4 3 4 7 9 4 8 1 1 0 2 4 7 4 7 3 2 1 7 5 7 9 8 5 5 3 2 8 4 7 7 6 3 5 6 3 4 2 6 6 8 9 3 2 1 7 0 9 0 0 5 1 3 9 1 2 8 2 5 2 7 9 7 7 6 8 5 2 7 4 2 6 1 4 1 0 2 5 6 0 2 7 4 0 6 1 3 9 1 4 3 0 4 1 8 4 1 9 5 5 8 7 0 0 
4240456368
0 4 8 7 9 2 8 7 4 9 6 6 9 6 9 6 4 6 3 6 9 1 6 3 9 3 2 8 3 3 5 2 8 8 3 7 3 9 3 3 9 5 3 0 8 5 8 7 2 3 7 1 7 5 6 1 2 3 7 1 0 0 4 8 8 3 2 8 8 1 1 3 2 9 0 6 3 2 2 9 6 1 9 2 8 2 4 0 3 7 2 3 8 0 7 4 5 6 8 0 7 5 0 5 4 6 8 7 2 9 4 5 0 4 9 7 7 5 5 5 5 9 3 5 6 7 7 8 6 7 5 6 1 5 4 5 9 1 3 9 1 4 3 0 3 3 7 4 1 9 5 5 8 7 0 0 
2877135524
0 8 2 5 4 7 7 4 8 7 9 3 4 6 8 5 4 7 5 0 9 2 3 1 1 9 0 0 7 9 1 7 2 4 7 5 2 1 6 8 7 9 3 9 5 6 1 8 9 5 2 2 5 9 3 6 2 3 0 0 9 0 2 2 0 0 1 3 2 3 2 7 0 7 3 8 9 0 6 4 5 0 0 0 8 8 4 1 8 4 1 7 3 6 0 5 7 0 0 9 5 5 2 5 7 1 8 7 2 9 4 0 8 1 0 5 8 6 9 2 9 1 6 8 3 6 1 7 2 7 9 7 9 2 7 5 1 1 3 9 1 4 2 9 9 3 9 4 1 9 5 5 8 7 0 0 
3146091564
0 5 8 8 5 9 9 3 2 0 4 1 2 1 2 7 2 4 2 2 3 7 5 1 2 5 7 1 4 6 4 2 1 5 6 0 7 0 6 6 0 5 1 2 9 6 2 8 2 9 1 1 2 4 8 2 3 3 3 0 2 3 1 6 4 9 4 4 1 9 5 1 4 1 1 8 7 3 7 6 5 1 6 2 7 5 0 5 1 0 9 4 9 0 1 3 4 1 1 1 1 3 0 2 9 3 4 0 2 4 6 6 0 0 0 1 0 3 2 5 1 0 1 6 0 7 4 9 3 8 9 5 0 8 5 4 9 1 3 9 1 4 2 9 1 7 8 4 1 9 5 5 8 7 0 0 
1348896353
0 3 5 4 6 3 8 6 2 7 3 7 1 6 4 3 9 8 8 7 9 6 1 8 0 7 1 5 3 9 0 5 3 3 0 8 3 4 7 2 2 3 4 6 4 1 3 4 7 7 5 7 3 7 4 5 7 2 4 0 1 2 6 2 0 6 8 6 4 5 3 8 8 3 1 8 4 8 3 0 0 3 5 8 0 3 6 0 7 1 3 0 3 7 5 9 6 7 4 7 7 6 0 1 4 7 3 4 5 4 1 4 2 8 2 5 5 4 4 4 0 7 7 6 1 5 1 5 7 6 6 4 3 0 0 6 2 1 3 9 1 4 2 9 0 3 9 4 1 9 5 5 8 7 0 0 
2355882613
0 5 6 4 8 6 8 9 1 3 6 7 7 0 7 3 5 8 8 1 6 2 7 5 2 3 4 0 3 4 8 7 4 6 9 0 2 1 2 0 3 6 8 9 6 6 0 2 3 7 4 0 0 2 0 8 6 0 4 0 3 3 5 0 5 6 7 8 8 8 6 9 9 3 3 1 3 7 8 6 4 4 3 9 3 6 1 1 0 7 0 3 8 3 2 0 1 9 3 9 9 1 2 9 0 5 7 1 3 7 7 4 8 2 6 0 3 6 5 0 5 1 1 0 2 8 3 1 0 6 1 7 0 7 5 9 8 1 3 9 1 4 2 8 9 7 8 4 1 9 5 5 8 7 0 0 
2792628081
0 8 3 8 7 6 2 8 3 5 8 6 9 4 2 4 2 9 0 3 0 8 7 2 3 6 6 4 6 2 3 8 0 5 2 7 2 7 8 4 6 9 8 5 5 5 0 8 9 9 4 2 2 8 8 7 3 9 6 0 1 4 7 7 2 3 3 7 1 2 5 8 5 1 3 9 1 8 5 8 8 2 4 9 8 0 8 5 7 4 9 0 5 1 5 1 2 8 2 7 1 5 1 4 0 0 1 0 2 4 3 0 0 8 3 5 6 4 1 8 2 0 7 3 9 5 8 4 2 6 1 6 5 3 6 7 7 1 3 9 1 4 2 8 8 6 1 4 1 9 5 5 8 7 0 0 
3706777220
0 4 9 0 6 8 7 3 9 4 4 4 3 3 8 2 9 4 5 6 1 9 6 1 3 7 4 3 9 8 8 3 1 0 5 0 0 2 5 7 8 4 5 1 5 3 0 4 6 2 2 4 3 3 8 8 1 8 3 0 5 7 6 9 5 4 1 6 7 7 6 0 0 5 9 0 0 3 8 4 0 4 2 9 5 9 4 4 0 0 4 4 1 5 4 3 4 3 8 8 4 7 8 3 6 9 0 1 2 0 2 2 0 2 3 7 1 6 1 7 9 1 7 3 4 5 7 3 4 8 4 9 8 6 0 9 6 1 3 9 1 4 2 8 3 8 9 4 1 9 5 5 8 7 0 0 
1338617452
0 7 0 1 1 2 8 1 1 9 1 6 1 3 6 9 0 2 4 1 4 1 5 1 1 5 1 8 8 6 4 2 4 1 5 4 0 5 9 6 3 8 7 5 8 4 3 1 0 2 0 8 1 0 1 6 1 6 7 0 8 5 3 8 6 3 9 8 3 4 4 8 0 4 3 7 3 8 2 3 6 2 2 0 8 5 3 9 1 1 2 9 7 1 7 7 4 5 5 1 9 2 0 5 5 2 6 2 9 4 9 2 9 9 9 4 5 7 4 1 5 2 1 3 6 9 7 6 2 5 7 5 7 0 5 0 2 1 3 9 1 4 2 7 1 8 2 4 1 9 5 5 8 7 0 0 
0388422130
0 0 4 8 1 9 9 9 9 1 3 7 5 4 1 9 4 7 8 0 7 2 9 0 1 6 6 8 5 2 0 5 8 6 4 1 1 7 0 8 2 5 6 2 9 7 2 4 3 3 8 0 0 8 8 4 1 9 5 0 9 4 0 0 8 4 0 2 3 0 5 6 5 8 0 4 7 0 4 9 2 8 3 3 6 3 8 4 3 3 3 1 8 2 1 2 5 4 8 3 6 3 9 6 7 0 3 3 6 4 4 4 4 4 4 5 4 5 7 8 0 5 6 4 2 9 8 5 9 1 1 1 0 9 9 0 2 1 3 9 1 4 2 6 8 7 6 4 1 9 5 5 8 7 0 0 
2497643366
0 7 6 4 7 2 1 0 1 1 8 0 5 5 1 7 1 0 0 5 2 5 7 8 4 5 5 9 5 4 3 9 6 5 7 2 1 0 3 2 1 9 2 3 3 3 2 9 8 3 7 7 7 9 9 1 0 9 7 0 5 6 0 9 6 8 3 7 0 0 1 5 3 7 2 0 1 3 5 7 9 5 0 8 2 5 0 4 9 1 6 8 2 3 1 1 0 4 3 9 0 8 5 6 3 3 1 6 6 5 8 7 0 7 7 8 5 2 4 7 5 4 1 3 3 3 3 8 2 9 2 2 9 1 3 2 6 1 3 9 1 4 2 5 9 7 5 4 1 9 5 5 8 7 0 0 
3020394940
0 7 9 9 1 0 2 6 5 6 8 6 3 8 5 7 7 9 7 5 1 7 3 3 2 6 9 3 7 7 2 7 7 9 8 2 6 6 2 8 4 7 8 0 8 4 8 0 4 8 4 4 3 9 3 5 5 3 3 1 0 6 6 8 7 4 0 2 2 1 0 3 4 3 4 4 1 2 2 3 2 3 5 3 7 2 3 3 2 9 6 9 1 0 0 3 7 4 5 7 2 6 7 9 4 2 9 8 6 0 5 8 7 4 2 7 3 0 7 3 8 7 1 8 7 2 4 1 9 0 5 4 2 5 6 0 9 1 3 9 1 4 2 5 6 8 8 4 1 9 5 5 8 7 0 0 
3366983329
1 2 0 2 1 5 9 1 6 5 7 7 6 7 9 9 1 8 7 5 4 0 8 4 4 8 0 3 5 7 3 7 2 5 2 9 2 2 3 8 7 6 2 0 1 3 0 2 4 8 0 3 7 6 8 2 1 4 2 0 0 3 5 5 9 1 3 5 7 0 3 6 0 5 0 4 4 3 8 5 5 1 5 2 3 4 4 1 5 8 3 3 1 7 7 7 8 3 6 9 5 8 8 8 0 1 2 4 1 2 4 8 8 6 9 8 0 6 1 3 4 3 7 3 8 5 1 2 8 0 9 1 6 9 7 1 1 1 3 9 1 4 2 5 2 3 5 4 1 9 5 5 8 7 0 0 
2048585306
0 4 7 4 9 7 6 6 7 2 5 5 0 0 6 1 5 4 1 1 9 3 6 6 5 4 4 4 5 0 0 8 3 4 6 7 6 8 2 1 0 4 1 5 6 9 2 4 8 7 1 6 3 2 4 4 4 0 2 0 4 8 0 0 0 9 1 6 8 9 6 1 8 4 0 7 7 9 3 2 5 9 8 6 1 6 2 6 9 9 3 9 5 8 5 5 3 2 0 5 4 2 9 7 6 4 2 2 4 8 8 6 0 8 3 1 9 4 2 8 3 6 6 8 7 1 0 6 4 6 4 2 0 9 3 5 6 1 3 9 1 4 2 5 2 3 0 4 1 9 5 5 8 7 0 0 
0685536506
0 2 3 3 4 1 0 4 3 0 6 6 5 7 1 9 1 2 7 7 5 7 6 6 8 9 3 4 4 8 9 1 5 2 7 3 3 6 6 7 3 5 7 1 9 1 9 6 1 2 3 9 2 3 5 3 8 7 4 0 6 7 0 3 8 3 0 0 2 7 0 8 2 7 7 5 8 4 0 3 5 0 5 2 8 3 8 8 4 7 4 0 7 7 5 6 2 3 7 1 3 9 0 3 6 5 6 5 9 5 8 1 1 6 6 8 7 4 7 2 9 5 2 1 5 9 7 6 9 6 9 7 8 1 5 3 4 1 3 9 1 4 2 5 0 5 0 4 1 9 5 5 8 7 0 0 
0339772674
0 2 9 6 3 2 6 9 0 6 3 2 2 5 6 6 4 9 1 2 6 0 1 2 8 2 5 9 8 5 3 9 0 5 5 3 9 5 3 6 9 6 0 8 7 2 5 8 6 5 4 4 8 7 3 1 4 6 6 0 6 2 3 9 9 6 7 5 4 7 6 4 4 8 3 8 0 6 2 0 7 0 4 4 4 3 6 5 0 6 6 9 5 7 8 0 1 2 8 3 9 5 6 2 8 2 3 3 4 3 6 0 3 4 4 4 1 3 1 4 7 4 5 2 0 8 4 1 9 0 5 8 7 0 0 1 1 1 3 9 1 4 2 4 8 9 9 4 1 9 5 5 8 7 0 0 
1520632466
0 7 3 8 4 0 0 0 4 3 0 2 9 3 9 7 2 8 3 8 3 4 0 0 9 8 0 1 8 0 2 1 8 7 7 6 2 3 8 6 1 7 5 8 9 0 2 0 2 6 1 2 7 1 7 2 6 6 1 0 7 8 6 8 1 9 7 7 5 9 0 0 9 4 8 0 3 7 1 6 2 9 3 3 4 8 0 6 4 5 0 5 0 5 6 1 7 6 9 6 4 9 3 1 0 4 5 6 3 2 0 6 6 7 7 9 1 5 5 5 1 5 8 5 7 8 3 0 3 8 7 6 3 7 7 8 2 1 3 9 1 4 2 4 4 6 6 4 1 9 5 5 8 7 0 0 
1451641354
0 0 3 6 7 8 9 8 8 9 6 4 6 1 6 1 7 2 8 7 1 6 5 8 6 6 8 4 6 1 2 9 2 4 0 5 3 6 4 0 7 4 6 1 3 9 1 0 6 8 7 3 2 0 8 0 7 7 7 0 1 2 2 2 2 6 4 7 8 0 9 6 8 6 9 0 0 0 8 2 2 9 5 4 9 7 6 6 1 6 7 5 2 3 0 0 9 2 8 8 4 9 7 6 0 8 5 5 4 8 5 0 4 6 6 8 1 3 7 5 3 5 2 0 9 9 8 9 8 8 4 8 4 7 6 5 9 1 3 9 1 4 2 4 0 2 5 4 1 9 5 5 8 7 0 0 
1963702906
1 0 9 3 6 1 6 4 4 1 0 4 6 4 4 0 2 9 1 5 3 7 0 5 9 3 2 2 4 6 8 8 1 0 1 6 9 2 4 6 4 7 3 4 5 5 7 4 8 9 6 6 7 3 0 2 7 8 0 0 0 6 4 1 9 2 7 3 3 9 5 8 2 6 5 9 8 1 3 3 3 3 9 7 0 7 4 2 6 1 1 7 8 7 4 9 4 1 9 0 2 9 5 0 9 2 3 8 9 1 6 0 1 7 1 1 2 2 4 5 1 4 0 4 5 1 7 5 8 8 9 3 9 8 3 4 3 1 3 9 1 4 2 2 9 4 3 4 1 9 5 5 8 7 0 0 
1397173957
0 5 7 2 3 6 8 7 8 3 6 9 9 4 8 3 3 3 3 9 4 9 9 9 0 0 7 7 2 7 5 6 1 0 8 0 2 6 3 3 6 6 7 5 7 2 5 1 2 5 1 6 7 0 4 0 9 3 6 0 6 8 4 1 5 3 7 8 3 3 6 2 8 7 1 3 5 0 9 4 6 4 1 4 4 2 7 8 5 2 5 6 7 2 1 8 1 6 8 6 6 1 1 8 3 9 3 0 6 4 9 6 7 9 0 2 8 8 7 0 6 3 9 7 6 3 1 4 9 1 1 4 4 6 5 7 7 1 3 9 1 4 2 2 1 5 5 4 1 9 5 5 8 7 0 0 
2036654109
0 6 4 4 3 7 0 8 7 4 1 8 3 1 9 0 4 5 3 3 4 1 9 2 6 0 7 0 3 5 9 9 9 8 3 1 1 7 7 5 5 8 5 1 5 0 0 3 7 7 9 6 2 7 5 9 5 0 2 1 0 8 9 8 0 6 4 7 4 1 5 9 5 4 0 9 9 1 3 6 5 4 3 2 6 4 1 3 8 0 5 5 4 9 4 4 7 3 6 9 7 9 6 6 6 1 3 8 3 6 0 2 2 9 8 9 2 0 0 9 8 7 4 9 6 6 5 7 3 7 3 6 4 8 1 5 2 1 3 9 1 4 2 0 4 4 9 4 1 9 5 5 8 7 0 0 
3658217876
0 3 2 4 1 3 3 6 2 7 6 9 0 9 3 3 1 3 2 1 7 3 9 6 0 3 2 3 0 3 0 1 2 4 3 7 1 3 1 6 3 4 2 9 8 8 7 6 6 4 8 2 6 0 7 3 6 1 7 0 7 5 1 0 2 4 5 5 1 4 5 3 5 6 0 0 9 3 1 4 4 0 1 2 2 5 1 2 3 6 1 9 3 5 3 7 9 5 0 1 7 3 2 2 7 2 0 1 8 7 2 6 6 6 9 1 6 1 8 2 8 9 1 0 6 0 5 2 8 4 2 3 2 4 2 2 3 1 3 9 1 4 2 0 3 2 1 4 1 9 5 5 8 7 0 0 
2403774282
0 3 3 9 5 4 0 3 9 1 2 4 9 7 5 6 7 1 4 6 7 6 6 6 4 8 3 5 7 2 4 5 4 5 5 8 0 1 9 4 6 4 6 9 7 4 4 3 2 3 9 1 5 2 1 0 9 3 7 0 8 7 0 4 5 8 7 5 3 0 2 0 1 2 0 1 1 0 3 8 2 6 7 1 3 8 4 3 0 8 8 9 6 0 4 9 8 6 0 1 0 9 4 9 3 5 8 0 3 5 4 0 7 1 7 5 1 1 2 4 1 7 4 7 3 5 5 4 5 0 9 6 7 3 6 2 7 1 3 9 1 4 1 9 7 7 3 4 1 9 5 5 8 7 0 0 
1745676354
0 3 9 7 3 7 2 2 7 2 8 2 8 1 8 9 1 7 9 3 0 5 0 3 6 1 5 9 7 7 4 0 5 0 0 6 3 5 5 9 7 9 2 9 7 5 9 6 7 5 5 2 2 7 6 3 9 4 3 0 8 0 6 8 3 0 1 3 4 6 3 4 3 8 6 2 7 3 7 8 8 4 2 2 7 7 7 9 9 6 2 7 9 4 6 0 6 1 4 2 1 4 3 7 8 9 0 9 7 6 5 6 5 9 1 7 7 7 9 5 1 6 6 1 3 0 8 3 4 1 4 6 6 6 6 5 7 1 3 9 1 4 1 9 6 1 2 4 1 9 5 5 8 7 0 0 
2103041041
1 0 6 9 3 1 6 0 1 5 2 8 7 0 4 6 2 7 6 6 4 2 0 9 2 9 7 4 1 9 8 6 3 1 2 7 0 9 1 4 0 2 9 9 9 6 3 7 2 9 8 2 7 6 0 5 9 0 4 0 0 6 1 4 1 9 3 5 6 7 3 1 6 4 9 0 3 1 5 2 9 7 0 5 8 9 9 9 7 8 6 7 1 7 4 3 9 1 1 6 7 6 1 7 0 5 2 2 4 4 7 9 1 3 5 4 7 5 4 0 2 8 9 6 1 4 4 9 9 2 6 3 7 1 7 6 1 1 3 9 1 4 1 9 7 7 6 4 1 9 5 5 8 7 0 0 
3090777588
1 2 1 3 2 6 1 5 3 0 9 9 3 8 0 5 0 2 9 9 4 1 2 5 6 3 7 4 2 8 4 0 7 9 7 3 6 9 9 6 7 2 4 8 1 3 9 0 9 8 5 9 7 6 8 6 6 3 3 0 6 5 1 4 0 0 1 3 6 4 2 0 8 5 7 6 9 5 4 5 6 4 0 8 3 3 6 2 4 6 6 6 7 2 3 6 0 2 6 2 9 1 5 5 2 8 3 2 5 0 8 6 7 4 4 0 8 8 7 7 7 1 8 3 4 5 1 0 9 6 9 0 2 6 5 3 8 1 3 9 1 4 1 8 3 7 8 4 1 9 5 5 8 7 0 0 
1267960355
1 1 4 4 2 3 0 1 7 5 5 5 2 4 6 0 3 4 0 1 6 3 7 0 3 5 8 1 6 8 1 9 8 9 8 1 2 4 6 1 8 4 2 0 9 6 3 5 7 8 2 6 4 5 4 2 0 3 8 0 0 8 4 5 7 0 2 6 6 7 7 9 5 6 6 3 5 1 5 8 1 9 0 1 0 4 5 3 3 8 5 4 6 7 8 9 9 9 1 6 7 5 4 0 1 2 3 0 6 3 8 4 2 8 1 8 1 6 7 5 6 7 3 1 8 9 5 9 8 2 4 3 6 5 8 2 5 1 3 9 1 4 1 7 9 9 2 4 1 9 5 5 8 7 0 0 
4173646734
1 0 4 7 4 0 1 4 8 2 4 2 3 5 0 8 1 2 7 1 8 5 7 3 1 6 4 8 4 4 9 3 4 8 7 7 7 0 8 4 5 7 9 9 1 4 7 3 2 8 9 4 7 3 3 7 0 3 7 0 8 3 0 1 9 4 7 3 4 0 5 8 7 4 9 0 7 4 3 1 1 4 1 9 1 7 6 9 5 0 5 9 7 1 0 2 2 0 5 8 4 5 5 2 7 5 5 9 7 3 7 7 2 6 3 2 2 1 0 7 9 9 9 8 7 5 7 5 5 4 6 3 9 4 9 7 0 1 3 9 1 4 1 7 7 9 5 4 1 9 5 5 8 7 0 0 
1667038249
0 1 5 1 6 4 7 8 1 2 4 7 9 4 0 0 0 3 2 6 5 0 6 6 7 8 1 6 2 9 9 3 0 7 6 4 0 4 5 4 0 1 1 7 6 7 4 8 8 0 3 9 3 7 1 3 3 6 9 0 3 5 5 8 2 6 8 8 3 6 3 2 5 4 6 0 6 5 1 5 4 7 0 7 6 8 2 0 5 4 1 3 6 7 3 7 4 8 2 0 4 9 9 2 4 9 0 5 0 0 8 5 3 1 5 3 5 2 4 7 7 1 0 4 3 2 4 8 9 4 6 9 7 4 2 6 6 1 3 9 1 4 1 7 3 9 9 4 1 9 5 5 8 7 0 0 
3319808525
0 9 0 7 1 8 7 7 1 5 5 2 8 7 6 9 9 8 8 2 5 1 6 3 4 1 0 5 9 2 5 1 3 3 0 6 0 9 7 6 7 5 3 9 2 3 1 7 6 3 9 9 2 6 9 2 1 0 6 0 2 1 3 6 7 1 1 6 9 0 2 2 8 1 4 6 6 1 8 4 5 0 0 7 5 2 1 2 4 9 9 9 7 2 0 8 3 5 0 0 6 5 3 7 8 4 0 5 1 1 7 0 9 6 6 0 3 5 8 1 4 1 8 7 0 7 4 7 4 7 2 7 5 0 5 4 5 1 3 9 1 4 1 6 8 1 8 4 1 9 5 5 8 7 0 0 
1530579336
0 2 3 9 5 8 1 5 0 8 2 9 3 5 2 7 4 2 0 4 9 0 7 9 0 0 5 4 7 6 9 9 1 2 4 4 4 9 7 7 7 1 2 2 2 1 7 6 4 5 1 8 4 6 2 2 9 8 3 0 3 4 3 2 7 5 1 7 1 9 9 9 0 0 3 0 6 5 5 8 3 4 3 7 4 0 6 9 5 3 8 1 8 8 0 7 2 7 8 0 8 7 9 2 0 5 7 0 8 2 6 3 1 8 5 8 7 9 3 4 6 9 3 5 6 4 7 7 2 1 2 6 7 0 2 8 2 1 3 9 1 4 1 6 5 9 0 4 1 9 5 5 8 7 0 0 
2431286373
1 1 9 4 2 4 4 8 3 7 3 8 4 8 2 9 6 7 2 3 1 0 0 4 3 8 2 2 1 4 2 8 8 2 9 4 5 8 5 6 2 6 5 2 0 7 9 0 9 3 6 7 2 8 8 0 8 8 6 0 5 0 4 1 9 3 5 6 6 9 6 4 2 4 3 2 1 1 8 7 1 9 7 4 9 5 5 7 0 3 7 0 3 8 3 9 8 6 0 8 4 6 0 7 0 2 5 9 9 8 8 4 8 0 6 5 7 9 6 1 1 4 7 7 2 0 2 2 1 2 4 2 8 0 7 6 9 1 3 9 1 4 1 5 8 4 7 4 1 9 5 5 8 7 0 0 
3349207793
1 2 2 2 7 4 4 3 6 6 6 9 1 1 6 4 9 3 5 0 0 3 7 1 3 2 8 7 9 3 7 8 0 5 3 6 9 5 4 2 1 5 8 5 1 4 6 2 9 7 5 0 7 3 9 5 7 7 2 0 3 8 7 2 1 7 8 0 1 5 4 0 6 3 2 0 2 6 0 2 3 6 1 9 0 4 1 6 4 1 1 2 4 9 2 8 9 6 6 2 1 5 6 6 6 0 4 1 6 7 6 2 7 3 8 3 9 7 4 1 1 2 3 7 5 9 0 2 5 7 3 2 5 6 2 7 4 1 3 9 1 4 1 5 5 2 5 4 1 9 5 5 8 7 0 0 
0321827145
0 8 8 8 4 9 5 2 0 3 3 5 2 7 9 1 2 8 7 2 4 2 5 9 4 8 5 4 6 8 7 9 1 2 0 0 6 5 3 5 8 8 3 2 5 2 6 6 9 4 9 9 1 6 2 8 1 6 7 0 3 6 1 3 7 4 0 6 7 0 1 3 8 2 0 1 2 5 4 7 3 0 9 5 6 8 2 6 8 0 1 7 6 4 5 9 0 6 6 2 9 7 7 1 2 3 9 5 9 1 3 7 6 7 6 8 4 8 1 5 8 7 6 2 2 1 4 9 7 7 9 6 9 3 9 0 6 1 3 9 1 4 1 5 0 7 3 4 1 9 5 5 8 7 0 0 
0111176445
0 0 7 9 8 2 8 0 2 5 6 6 1 3 9 5 6 2 2 8 2 1 4 1 9 1 6 3 2 7 1 7 4 2 8 5 8 8 9 5 2 0 2 6 1 7 1 4 3 7 6 5 4 9 4 2 2 0 1 0 1 8 5 1 5 5 1 9 4 3 9 6 2 0 7 1 2 1 6 5 8 1 8 5 2 7 2 9 9 1 3 2 9 9 7 8 1 6 3 5 3 5 2 0 5 8 8 3 8 9 8 1 5 9 1 5 5 5 9 3 3 7 6 1 8 5 3 2 9 1 0 4 9 6 7 6 5 1 3 9 1 4 1 4 9 9 7 4 1 9 5 5 8 7 0 0 
1183508995
0 8 1 6 1 9 4 3 5 4 3 0 6 5 1 9 5 8 6 8 7 1 8 6 0 7 4 3 0 8 8 0 6 9 9 1 0 4 1 1 5 9 6 2 0 4 4 4 6 5 1 9 6 8 7 0 9 8 8 0 8 2 6 4 5 0 9 1 3 7 8 5 6 5 6 7 3 5 9 7 2 7 7 5 9 5 1 3 7 1 0 1 0 3 3 2 8 4 4 4 8 3 6 3 4 5 0 9 4 0 7 3 0 3 4 1 5 4 6 6 5 3 9 4 8 9 7 5 3 5 5 0 5 0 5 1 8 1 3 9 1 4 1 4 0 9 1 4 1 9 5 5 8 7 0 0 
1166526146
0 9 2 7 5 8 6 0 8 1 4 9 6 5 1 1 4 1 9 2 1 0 4 0 9 0 8 5 6 4 9 4 2 0 5 9 2 8 9 6 8 8 0 2 6 4 9 6 2 6 2 5 8 0 1 4 9 7 7 0 6 3 8 5 9 7 5 6 2 4 0 0 8 2 3 9 3 6 1 9 8 6 6 2 5 6 5 4 4 7 1 5 7 4 0 3 2 2 0 8 2 0 9 1 8 9 2 9 4 7 9 4 1 7 4 5 9 3 8 4 9 4 5 9 1 9 3 2 7 6 4 6 1 5 8 9 6 1 3 9 1 4 1 3 3 8 3 4 1 9 5 5 8 7 0 0 
0791438587
0 0 4 3 9 2 6 0 4 8 9 4 3 4 2 1 6 0 8 8 1 2 7 2 6 0 6 5 7 9 5 0 0 1 1 6 6 3 1 3 6 5 8 9 9 5 6 2 6 7 6 4 6 5 4 4 5 4 0 0 6 5 5 5 3 2 2 1 7 5 3 2 4 4 5 2 8 1 8 0 8 2 3 4 4 5 7 0 4 6 6 6 1 8 2 0 6 5 5 1 5 1 2 9 4 2 9 0 1 5 0 3 9 0 4 5 7 7 0 9 4 1 7 7 2 1 4 2 2 8 3 6 1 2 8 2 2 1 3 9 1 4 1 2 9 8 8 4 1 9 5 5 8 7 0 0 
1136174980
1 0 0 6 1 1 2 4 8 1 2 2 4 7 0 3 2 6 0 9 2 6 3 2 7 1 6 1 1 6 7 1 5 3 4 0 8 5 0 2 8 4 1 3 6 9 5 4 8 2 6 4 4 0 4 2 8 1 4 0 5 8 0 4 1 9 8 2 7 9 6 3 7 3 7 7 7 5 7 8 2 6 0 4 3 1 3 4 5 0 4 4 3 3 7 3 4 6 1 9 9 2 4 8 8 7 4 9 0 9 4 2 0 1 4 3 4 6 2 0 3 0 5 9 1 5 8 6 7 5 9 9 0 8 0 4 5 1 3 9 1 4 1 2 9 3 7 4 1 9 5 5 8 7 0 0 
3709976616
